%YAML:1.0
---
calibration_time: "Fri Oct  4 11:30:35 2024"
image_width: 1280
image_height: 720
flags: 0
camera_matrix: !!opencv-matrix
   rows: 3
   cols: 3
   dt: d
   data: [ 932.73051344425232, 0., 635.97366564796573, 0.,
       942.85411472141197, 388.68539967362005, 0., 0., 1. ]
distortion_coefficients: !!opencv-matrix
   rows: 1
   cols: 5
   dt: d
   data: [ -0.099099641333823957, 0.69170303360842966,
       -0.0035946979556422116, -0.0030234952567191574,
       -1.3184367201301439 ]
avg_reprojection_error: 0.17910324870130842
